A = [0 -7 5; 0 4 7; -4 3 -7];

b = [50; -30; 40]

x = A\b
